### 流量计费价格表
地域A到地域B的价格与地域B到地域A的价格相同。
服务等级：金

|  | 流入地域 |  |  |  |  |  |
| --- | --- | --- | --- | --- | --- | --- |
| 流出地域 | 中国内地 | 亚太 | 欧洲 | 北美 | 南美 | 中东 |
| 中国内地 | 0.48 元/GB | 5.6 元/GB | 5.6 元/GB | 5.6 元/GB | 5.6 元/GB | 5.6 元/GB |
| 亚太 | 5.6 元/GB | 0.525 元/GB | 0.525 元/GB | 0.525 元/GB | 2.5 元/GB | 2.5 元/GB |
| 欧洲 | 5.6 元/GB | 0.525 元/GB | 0.131 元/GB | 0.35 元/GB | 2.5 元/GB | 2.5 元/GB |
| 北美 | 5.6 元/GB | 0.525 元/GB | 0.35 元/GB | 0.131 元/GB | 2.5 元/GB | 2.5 元/GB |
| 南美 | 5.6 元/GB | 2.5 元/GB | 2.5 元/GB | 2.5 元/GB | 2.5 元/GB | 2.5 元/GB |
| 中东 | 5.6 元/GB | 2.5 元/GB | 2.5 元/GB | 2.5 元/GB | 2.5 元/GB | 2.5 元/GB |

服务等级：铂金
