/GB |
| 南美 | 5.6 元/GB | 2.5 元/GB | 2.5 元/GB | 2.5 元/GB | 2.5 元/GB | 2.5 元/GB |
| 中东 | 5.6 元/GB | 2.5 元/GB | 2.5 元/GB | 2.5 元/GB | 2.5 元/GB | 2.5 元/GB |

服务等级：铂金

|  | 流入地域 |  |  |  |  |  |
| --- | --- | --- | --- | --- | --- | --- |
| 流出地域 | 中国内地 | 亚太 | 欧洲 | 北美 | 南美 | 中东 |
| 中国内地 | 0.72 元/GB | 8.4 元/GB | 8.4 元/GB | 8.4 元/GB | 8.4 元/GB | 8.4 元/GB |
| 亚太 | 8.4 元/GB | 0.788 元/GB | 0.788 元/GB | 0.788 元/GB | 3.75 元/GB | 3.75 元/GB |
| 欧洲 | 8.4 元/GB | 0.788 元/GB | 0.197 元/GB | 0.525 元/GB | 3.75 元/GB | 3.75 元/GB |
| 北美 | 8.4 元/GB | 0.788 元/GB | 0.525 元/GB | 0.197 元/GB | 3.75 元/GB | 3.75 元/GB |
| 南美 | 8.4 元/GB | 3.75 元/GB | 3.75 元/GB | 3.75 元/GB | 3.75 元/GB | 3.75 元/GB |
| 中东 | 8.4 元/GB | 3.75 元/GB | 3.75 元/GB | 3.75 元/GB | 3.75 元/GB | 3.75 元/GB |
